
100
90580740709
131359316867
463614058759
412957731139
124020781601
312236098651
435179084419
239938629787
311926926133
855991544581
65041860049
516886166213
236559279067
129798435737
97800281729
142559750803
86279438599
157582712689
151064033521
370201460267
483205267579
214011550663
23504704789
314111244791
384926957783
454717634929
68651618923
485616485813
38424157391
179455743149
342921886123
17851095421
459262648379
510693752369
780062007371
160096202521
158700626521
181360753733
171040368379
414530638307
137088154681
731193043489
120378882397
208952885387
373317122713
340646922977
501559955021
96435291577
154433048501
46541116003
267413957659
119886383933
163639629793
174292044743
222076803593
458816361527
36216805697
163483958203
554629236409
117578324687
633660701309
304336050847
90368726627
555860428163
749916953057
190596312653
80011354589
144515200099
724978564379
219826156003
211075256143
143289461353
680908886233
182671557389
47693413561
383069611117
65337527911
627404969651
230435258771
130056028997
672892172893
191245443973
181543867837
209786607323
245643868879
249103755947
140844078569
187341044309
559016853053
728336060047
87420777361
189817068971
570117230231
439702527443
76615491637
231669407059
330453051083
233661566549
170684126237
306715258753